    600 1020076
    600 1020079
    600 1020192
    200 1020211
    200 1020283
      8 1020284
    200 1020285
    100 1020286
    100 1020287
    100 1020288
    100 1020289
    100 1020292
    200 1020307
    100 1020308
    200 1020309
    200 1020313
    172 1020314
    200 1020315
     34 1020316
    300 1020332
    300 1020341
    400 1020342
    300 1020343
    100 1020365
    100 1020367
    100 1020368
    100 1020369
    100 1020370
    100 1020371
    200 1020373
    100 1020374
    200 1020375
    100 1020376
    100 1020378
    100 1020379
    100 1020380
    100 1020381
    100 1020382
    100 1020383
    100 1020390
    100 1020392
    100 1020393
    100 1020394
    100 1020396
    200 1020734
    300 1020735
    300 1020736
    200 1020757
    100 1021006
    100 1021008
    100 1021013
    100 1021014
    100 1021032
    100 1021038
    100 1021045
    200 1021063
    200 1021064
    200 1021068
    100 1021083
    100 1021084
    100 1021086
    100 1021109
    100 1021113
    100 1021114
    100 1021116
    100 1021118
    100 1021119
    100 1021120
    100 1021126
    100 1021128
    100 1021129
    100 1021130
    100 1021136
    100 1021138
    100 1021141
    100 1021160
    100 1021161
    100 1021162
    100 1021164
    100 1021165
    100 1021168
    200 1021216
    200 1021218
    200 1021219
    200 1021220
    200 1021222
    200 1021224
    200 1021225
    200 1021226
    200 1021227
    200 1021228
    200 1021229
    200 1021232
    200 1021233
    200 1021235
    178 1021237
    200 1021238
    200 1021239
     94 1021242
    200 1021243
    200 1021246
    200 1021247
    200 1021248
    200 1021249
    100 1021254
    100 1021255
     45 1021258
    100 1021259
    100 1021260
    100 1021262
    100 1021291
    100 1021292
    100 1021293
    100 1021298
    100 1021301
    100 1021302
    100 1021303
    100 1021304
    100 1021307
    100 1021312
    200 1021313
    200 1021318
    200 1021324
    200 1021325
    200 1021327
    300 1021341
    200 1021343
    200 1021344
    200 1021346
    200 1021347
    200 1021348
    100 1021358
    100 1021359
    100 1021360
    200 1021362
    200 1021364
    200 1021365
    200 1021366
    200 1021367
    200 1021368
    200 1021370
    100 1021475
    100 1021476
    100 1021780
    100 1021781
     32 1021783
      4 1021791
     56 1021792
     20 1021793
     14 1021795
    100 1021797
     14 1021799
     32 1021802
     18 1021803
     15 1021804
      6 1021806
    100 1021807
    100 1021808
    100 1021809
    100 1021811
    100 1021813
    100 1021814
    300 1022072
    200 1022082
     28 1022198
    200 1022280
    100 1022287
    100 1022336
    100 1022340
    100 1022341
    100 1022342
    200 1022405
     16 1022652
    100 1022683
    100 1022684
    100 1022685
    100 1022686
    100 1022687
    100 1022688
    100 1022691
    100 1022693
    200 1022700
    400 1022701
    400 1022702
    400 1022703
    100 1022705
    100 1022861
    100 1022925
    100 1022956
    100 1022957
    100 1022959
    100 1022961
    100 1022962
    100 1022963
    400 1022983
    100 1022993
    200 1023098
    200 1023103
    200 1023108
   1000 1023109
    200 1023110
    400 1023111
    200 1023113
    200 1023128
    200 1023129
    200 1023130
    200 1023131
    200 1023184
    200 1023185
    200 1023187
    200 1023188
    200 1023189
    100 1023267
    100 1023268
    200 1023270
    100 1023357
    100 1023360
    100 1023361
    100 1023362
     63 1023363
    100 1023367
    100 1023368
    100 1023369
    300 1023463
    300 1023464
    300 1023465
    400 1023474
    300 1023487
    300 1023488
    300 1023491
    300 1023492
    200 1023493
    300 1023504
    300 1023505
    100 1023506
    200 1023562
    200 1023564
    100 1023599
    100 1023600
    100 1023601
     90 1023602
    100 1023603
     55 1023604
    100 1023605
    100 1023606
    100 1023607
    100 1023608
    200 1023610
    100 1023611
     31 1023613
    200 1023614
    100 1023623
    200 1023626
    100 1023683
    100 1023688
     18 1023689
    100 1023690
    100 1023691
    100 1023692
    100 1023693
    200 1023724
    200 1023725
    100 1023726
    100 1023728
      4 1023836
      2 1023948
      5 1023950
    200 1023951
     50 1024018
    100 1024019
    100 1024020
    100 1024021
    100 1024024
     51 1024025
    100 1024026
    100 1024027
    100 1024028
     48 1024029
    100 1024030
     57 1024031
    100 1024033
    100 1024051
    100 1024053
    100 1024056
    100 1024057
    100 1024058
    100 1024062
    100 1024064
    100 1024067
    100 1024072
    100 1024073
    100 1024074
    100 1024076
    100 1024078
    100 1024079
    100 1024080
    100 1024081
    100 1024083
    100 1024085
    100 1024086
    100 1024088
    200 1024089
    100 1024091
    100 1024094
    100 1024095
    100 1024097
    100 1024098
    100 1024101
    100 1024102
    100 1024104
    100 1024105
    100 1024106
    100 1024107
    100 1024108
    100 1024109
    200 1024110
    100 1024111
    100 1024112
    100 1024115
    100 1024116
    100 1024117
    100 1024118
    100 1024119
    100 1024120
    100 1024122
    200 1024123
    200 1024124
    200 1024125
      7 1024139
      3 1024150
      4 1024151
      5 1024153
     46 1024156
     89 1024157
    100 1024162
    100 1024163
    100 1024165
    100 1024166
    100 1024170
    100 1024171
    100 1024386
    100 1024416
    100 1024420
    100 1024560
    100 1024562
    100 1024565
    100 1024566
    100 1024567
    100 1024568
    100 1024569
    100 1024571
    100 1024572
    100 1024573
    100 1024574
    100 1024575
     22 1024576
    100 1024579
    100 1024581
    100 1024582
     44 1024583
    100 1024586
    100 1024587
    100 1024589
    100 1024590
     70 1024592
     30 1024593
    100 1024594
    100 1024595
    100 1024598
    100 1024599
    100 1024603
    100 1024608
    100 1024609
    100 1024610
    100 1024611
    100 1024612
    100 1024613
    100 1024614
    100 1024617
     15 1024618
    100 1024627
    100 1024628
    100 1024629
    100 1024630
    100 1024631
    100 1024632
    100 1024633
    100 1024634
    100 1024635
    100 1024636
    100 1024637
    100 1024638
    100 1024639
    100 1024640
    100 1024641
    100 1024642
    100 1024644
    100 1024645
     51 1024649
    100 1024650
    100 1024651
    100 1024653
    100 1024655
    100 1024656
    100 1024657
    100 1024658
    100 1024660
    100 1024661
    100 1024662
    100 1024667
    100 1024668
    100 1024670
    100 1024671
    100 1024673
    100 1024675
    100 1024676
    100 1024677
    100 1024678
    100 1024681
    100 1024682
    100 1024690
    100 1024692
    100 1024693
    100 1024694
    100 1024696
    100 1024697
    100 1024702
    200 1024714
    100 1024718
     55 1024723
    100 1024724
    100 1024750
    100 1024810
    100 1024864
     95 1024865
    100 1024897
    200 1024911
    200 1024912
    200 1024925
    100 1024940
    200 1024943
    100 1024946
    200 1024948
    100 1024966
    200 1024974
    200 1024976
    100 1024982
    100 1024984
    200 1024985
    100 1025079
    100 1025083
    100 1025092
    100 1025093
    100 1025191
    100 1025194
    100 1025195
    100 1025196
    100 1025197
    100 1025201
    100 1025206
    100 1025207
     79 1025208
    100 1025210
    100 1025212
    100 1025213
    100 1025214
    100 1025215
     97 1025221
    100 1025222
     69 1025223
    100 1025224
     52 1025232
    100 1025234
    100 1025236
    100 1025238
    100 1025241
    100 1025242
    100 1025245
     93 1025246
     14 1025251
    100 1025254
    100 1025258
    100 1025263
    100 1025264
    100 1025269
    100 1025270
    100 1025271
    100 1028717
    200 1028719
    100 1028720
    200 1028722
    100 1028724
    200 1028726
    200 1028727
    100 1028729
    100 1028731
    100 1028732
    200 1028734
    100 1028736
    100 1028739
    200 1028740
    170 1028741
    200 1028742
    200 1028747
    200 1028750
    200 1028752
    100 1028754
    100 1028755
     21 1028822
    200 1028852
    200 1028854
    100 1028856
    200 1028860
    200 1028864
    200 1028886
    200 1028888
    200 1028889
     14 1028898
    200 1028902
    200 1028903
    100 1028971
    100 1028988
    100 1029060
    100 1029061
    100 1029062
    100 1029063
    100 1029064
    100 1029065
    100 1029066
    100 1029067
    100 1029068
    100 1029069
    100 1029070
     67 1029094
    100 1029106
    100 1029108
    200 1029110
    100 1029111
    200 1029113
    100 1029115
    100 1029117
    100 1029118
    200 1029121
    100 1029125
    100 1029126
    200 1029128
    100 1029160
    100 1029173
    100 1029175
    100 1029181
    100 1029189
    100 1029191
    100 1029192
     36 1029196
    100 1029197
    100 1029202
    100 1029207
    100 1029208
    100 1029213
    100 1029215
    100 1029284
    100 1029286
    100 1029287
    100 1029289
    100 1029291
    100 1029292
    100 1029294
    100 1029295
    100 1029617
     44 1029757
    100 1029758
    100 1029760
     46 1029764
     92 1029765
    100 1029766
    100 1029767
    100 1029769
     62 1029771
    100 1029775
    100 1029779
    100 1029781
    100 1029783
    100 1029784
    100 1029786
     33 1029787
    100 1029788
    100 1029789
    100 1029790
    100 1029829
    100 1029830
    100 1029888
    100 1029897
    100 1029902
    100 1029905
    100 1029913
    100 1029915
    100 1029916
    100 1029921
    100 1029922
    100 1029923
    100 1029925
    100 1029927
    100 1029928
    100 1029935
    100 1029938
    100 1029939
    100 1030012
    100 1030013
    100 1030018
    100 1030022
     80 1030034
    100 1030036
     52 1030037
    100 1030038
    100 1030040
    100 1030041
    100 1030042
    100 1030043
    100 1030047
    100 1030048
    100 1030049
    100 1030050
    100 1030052
    100 1030053
    100 1030054
    100 1030057
    100 1030058
    100 1030060
    100 1030063
     63 1030064
    100 1030065
    100 1030066
     93 1030067
    100 1030069
    100 1030071
     23 1030073
    100 1030076
    100 1030081
     69 1030082
     61 1030083
    100 1030084
    100 1030088
    100 1030098
    100 1030106
    100 1030110
    100 1030111
    200 1030218
    200 1030219
    200 1030221
    200 1030222
    200 1030224
    200 1030225
    200 1030228
    200 1030229
    100 1030245
    100 1030249
    100 1030258
    100 1030259
    100 1030260
    100 1030261
    100 1030265
    100 1030276
     18 1030305
    200 1030344
    100 1030358
    100 1030380
    300 1030391
    100 1030392
    200 1030393
    200 1031416
      1 1031421
     13 1031424
      6 1031425
     22 1031426
    100 1031427
    100 1031459
    100 1031464
    100 1031628
    100 1031629
    200 1031642
    100 1035945
    100 1035946
      2 1035958
    100 1035960
    200 1035961
    100 1035964
    100 1035965
      4 1035976
    100 1035977
    100 1035978
    100 1035979
    100 1035980
     99 1035981
     72 1035987
     36 1035988
     83 1035991
    100 1035997
     26 1035998
    100 1036004
     29 1036007
    100 1036010
    100 1036011
    100 1036017
    100 1036022
    100 1036023
    100 1036026
    100 1036027
    100 1036030
    100 1036031
    100 1036033
    100 1036036
    100 1036037
    100 1036039
    100 1036041
    100 1036045
    100 1036052
      4 1036054
    100 1036056
    100 1036173
     84 1036283
    100 1036481
    100 1037002
    100 1037038
     14 1037048
    100 1037052
    100 1037184
    100 1037187
    100 1037199
    100 1037201
    100 1037204
    100 1037208
    100 1037209
    100 1037215
    200 1037217
     84 1037233
    100 1037237
    100 1037238
     23 1037239
    100 1037242
    100 1037244
    100 1037252
      5 1037261
     43 1037266
    100 1037274
    100 1037283
    100 1037291
    100 1037296
      1 1037310
    100 1037344
    100 1037347
    100 1037356
    100 1037357
     81 1037365
    100 1037370
    100 1037378
    100 1037379
    100 1037381
    200 1037385
    100 1037388
    100 1037409
     69 1037415
     84 1037418
    100 1037426
    200 1037444
    100 1037447
    100 1037467
     75 1037470
    100 1037481
    100 1037489
    100 1037499
    100 1037503
     11 1037508
    100 1038426
      3 1038427
    100 1038431
    100 1038432
     27 1038433
    100 1038434
    100 1038437
     97 1038441
     83 1038442
    100 1038443
    100 1038444
    100 1038445
    100 1038447
    200 1038449
      7 1038452
    100 1038453
     54 1038454
    100 1038456
     60 1038462
    100 1038464
     39 1038466
    100 1038467
     24 1038469
    100 1038472
    100 1038478
    100 1038479
      5 1038483
    100 1038485
      5 1038486
      6 1038487
    100 1038490
    100 1038492
    100 1038495
    100 1038498
     88 1038501
    100 1038502
     95 1038507
    100 1038509
    100 1038512
    100 1038513
     12 1038514
    100 1038515
    100 1038517
     24 1038520
    100 1038527
      1 1038528
    100 1038529
    100 1038532
     98 1038536
    100 1038545
    100 1038548
     47 1038550
    100 1038551
    100 1038555
    100 1038556
    100 1038563
    300 1038565
    100 1038566
    100 1038572
     52 1038573
    100 1038574
    100 1038575
    100 1038577
    100 1038578
     44 1038584
    100 1038585
    100 1038586
     65 1038591
    100 1038592
    100 1038598
    100 1038600
    100 1038601
     38 1038603
      2 1038604
    100 1038606
    100 1038607
      4 1038612
    100 1038615
      5 1038622
    100 1038628
    100 1038630
     12 1038633
    100 1038634
    100 1038639
    100 1038643
    100 1038645
     37 1038649
    100 1038664
     95 1038665
    100 1038669
    100 1038671
     74 1038672
      2 1038673
    100 1038675
    100 1038678
    200 1038680
    100 1038681
    100 1038682
    100 1038685
      9 1038687
    100 1038696
    100 1038698
    100 1038700
     63 1038702
    100 1038704
     36 1038710
    100 1038712
    100 1038715
    100 1038716
    100 1038718
    100 1038720
     35 1038721
    100 1038724
    100 1038725
     41 1038727
    100 1038728
     54 1038730
    100 1038734
    100 1038737
     34 1038738
      1 1038742
    100 1038749
     13 1038751
     78 1038753
     87 1038761
    100 1038763
    100 1038766
    100 1038767
    100 1038769
    100 1038771
     84 1038774
     74 1038776
    100 1038777
    100 1038780
    100 1038781
     14 1038782
    100 1038783
    100 1038785
     49 1038787
    100 1038788
     68 1038789
    100 1038792
    100 1038793
     95 1038794
    100 1038799
    100 1038801
    100 1038802
    100 1038804
     64 1038807
    100 1038810
    100 1038812
     96 1038813
     52 1038815
    100 1038816
    100 1038818
    100 1038820
    100 1038821
     58 1038822
    100 1038825
    100 1038827
    100 1038832
    100 1038834
    100 1038836
     35 1038837
    100 1038838
    100 1038839
    100 1038840
    100 1038842
    100 1038843
    100 1038845
    100 1038847
     44 1038850
    100 1038852
     69 1038860
    100 1038861
      2 1038863
    100 1038864
    100 1038865
    100 1038869
    100 1038872
    100 1038880
    100 1038882
     11 1038883
    100 1038886
    100 1038890
    100 1038891
    100 1038896
      8 1038897
     91 1038898
    100 1038901
    100 1038902
     62 1038903
     49 1038904
    100 1038905
    100 1038907
    100 1038911
    100 1038914
     31 1038915
    100 1038917
      1 1038919
    200 1038920
    100 1038921
    100 1038923
    100 1038925
      3 1038926
     36 1038927
      2 1038929
    100 1038930
    100 1038936
    100 1038945
     48 1038954
      2 1038955
    100 1038957
    100 1038958
    100 1038961
    100 1038963
    100 1038964
     84 1038967
    100 1038969
    100 1038974
    100 1038975
    100 1038976
     72 1038979
     17 1038981
      4 1038984
    100 1038985
    100 1038986
     53 1038989
      4 1038992
     40 1038993
    100 1038995
    100 1038996
    100 1038999
    100 1039001
    100 1039002
    100 1039005
     90 1039006
    100 1039008
    100 1039011
      1 1039017
    100 1039018
    100 1039022
    100 1039024
     13 1039027
    100 1039030
    100 1039031
     84 1039033
     42 1039035
    100 1039037
    100 1039038
    100 1039039
    100 1039040
    100 1039042
      6 1039043
      8 1039044
    100 1039046
    100 1039054
    100 1039057
    100 1039059
    100 1039063
    100 1039065
    100 1039069
    100 1039070
    100 1039676
    112 1039692
    100 1039693
    100 1039750
    100 1039764
    100 1039826
    100 1039833
    100 1100091
    100 1100096
    100 1100104
    100 1100105
    100 1100107
    100 1100112
    100 1100113
    100 1100114
    100 1100116
    100 1100117
    100 1100123
     10 1100124
    100 1100126
    100 1100127
    100 1100130
    100 1100131
    100 1100132
    100 1100158
    100 1100161
    100 1100162
    100 1100163
    100 1100164
    100 1100166
    100 1100167
    100 1100168
    100 1100169
    100 1100198
    100 1100200
    100 1100201
    100 1100203
    100 1100204
    100 1100206
    100 1100235
    100 1100237
    100 1100238
    100 1100239
    100 1100240
    100 1100241
    100 1100242
    100 1100243
    100 1100244
    100 1100245
    100 1100246
    100 1100247
    100 1100249
     29 1101128
      8 1101151
    100 1101194
    100 1101195
    100 1101196
    100 1101199
    100 1101250
    100 1101253
    100 1101254
    100 1101261
    100 1101262
    100 1101263
    200 1101271
      4 1101272
     60 1101274
    200 1101275
     24 1101276
    142 1101277
    138 1101278
     96 1101279
    200 1101308
    200 1101309
    200 1101310
    200 1101311
    200 1101312
    200 1101313
    200 1101314
    200 1101315
    100 1200013432
    100 1200013437
     77 1200013443
    100 1200013452
    100 1200013458
    100 1200013461
    100 1202544724
    200 1202551097
    200 1202551103
    200 1202551110
    200 1202551119
    200 1202551127
    200 1202551142
    200 1202551147
    200 1202551155
    100 1202551163
    100 1202551174
    200 1202551179
    200 1202551182
    200 1202551187
    200 1202552150
    200 1202552160
    200 1202552171
     64 1202552187
    200 1202552194
    200 1202552205
     28 1202552217
     86 1204495417
    100 1205452205
    100 1205452209
    100 1205452215
     58 1206313297
    100 1206330473
     11 1206330480
    100 1206330485
    100 1206330492
      2 1206804668
    100 1206804673
    100 1206804678
     79 1206804682
    100 1206804685
     21 1206804689
    100 1206804693
    100 1206804697
    100 1206804701
      1 1209124356
    200 1209761116
    166 1213375400
    200 1213375401
    200 1213375402
    200 1213375403
    200 1213375404
    200 1213375405
    200 1213375406
    200 1213375407
    200 1213375408
     36 1213375409
    200 1213375410
     94 1213375441
    200 1213375442
    200 1213375443
    200 1213375447
    200 1213375448
    200 1213375449
    200 1213375450
    198 1213375451
    200 1213375452
    200 1213375453
     50 1213375454
    200 1213375458
     84 1213375460
    184 1213375461
    200 1213375463
    200 1213375464
    200 1213375465
    200 1213375466
    200 1213375468
    200 1213375469
    200 1213375470
    200 1214359564
     96 1214359575
    200 1214359588
    200 1214359614
     56 1214359619
    200 1214359629
    200 1214359638
    100 1214364044
    100 1214364045
    100 1214364068
    100 1214364198
    100 1214364209
    200 1214364329
    200 1214364360
    200 1214364361
    200 1214364362
    200 1214364365
    200 1214364366
    200 1214364367
    200 1214364368
    200 1214364369
     76 1214364370
    200 1214364371
    200 1214364372
    200 1214364373
    200 1214364374
    200 1214364375
    200 1214519695
    200 1214520625
    200 1214520670
    100 1214826870
    200 1214869209
    186 1214870249
    100 1215407059
    100 1215407082
    200 1215407315
    200 1215419214
    200 1215419481
     12 1219239312
    100 1219254068
    100 1219254073
    100 1219254085
    100 1219254089
    100 1219254101
    100 1219254104
    100 1219254108
    100 1219254113
    100 1219254119
    300 1219254129
    100 1219254133
    100 1219254136
    100 1220025982
    100 1221050679
    100 1221050696
    100 1221050715
    100 1221050724
    100 1221050731
    100 1221050742
     21 1221050898
    100 1221050909
    100 1221050910
    100 1221050911
    100 1221050912
    100 1221050913
    100 1221050915
    200 1221050916
    200 1221050917
    200 1221050918
    200 1221050924
    100 1221050926
    100 1221050928
    100 1221051105
    100 1221051106
    100 1221051107
    100 1221051108
    100 1221051109
    100 1221051234
    100 1221051235
    100 1221051236
    100 1221051237
    100 1221051238
    100 1221051239
    100 1221051240
    100 1221051241
    100 1221051243
    100 1221051244
    100 1221051245
    100 1221051246
    100 1221051247
    100 1221051248
    100 1221051250
    100 1221051251
    100 1221051252
    100 1221051492
    100 1221051494
    100 1221051495
    100 1221051496
    100 1221051497
    100 1221051498
    100 1221051499
    100 1221051500
     78 1221051501
    100 1221051502
    100 1221051504
    100 1221051508
    100 1221051510
    100 1221051514
    100 1221051516
    100 1221051615
    100 1221051616
    100 1221051618
    100 1221051619
    100 1221051620
    100 1221788574
    100 1223333648
    100 1223877956
    100 1224899988
    100 1225112157
      8 1226908234
     41 1226908245
    100 1226908268
      3 1226908279
    100 1227633480
    200 1228417467
    200 1228417479
    200 1228417490
    100 1231471020
    100 1231474403
     50 1231474467
    100 1231474483
    100 1231474514
    100 1231474527
    100 1231475423
    100 1231475429
    200 1231475435
    100 1231475440
    100 1231475445
    100 1231475450
    100 1231475454
    100 1231475458
    100 1231475466
    100 1231475470
    100 1231475473
    100 1231475499
    100 1231475505
     94 1231475507
    100 1231476825
    200 1231476847
     33 1231476868
    100 1231476926
    100 1231476956
    100 1231476984
    100 1231476998
    100 1231477012
     32 1231477025
    200 1231477048
    100 1231477057
    100 1231477066
    100 1231477074
    100 1231477081
    100 1231477088
    100 1231477095
    100 1231477102
    100 1231477110
    100 1231477117
    100 1231477124
    100 1231477131
    100 1231477143
     82 1231477148
    100 1231477946
    100 1231477947
    100 1231477948
    400 1231477949
    200 1231477963
    100 1231477975
    100 1231477979
    100 1231477984
    100 1231477992
    100 1231477996
    200 1231478010
    200 1231478014
     48 1231478022
    200 1231478034
    200 1231478040
    200 1231478046
    200 1231478053
    200 1231478059
    200 1231478064
    200 1231478070
    200 1231478077
    200 1231478901
    200 1231478904
    200 1231478910
    200 1231478913
    200 1231478916
    100 1231478919
    100 1231478922
    100 1231478925
    100 1231478927
    100 1231478931
    100 1231478936
    100 1231478946
    100 1231478951
    200 1231478955
    100 1231478960
    100 1231478966
    100 1231478977
     23 1231478986
    200 1231478996
    100 1231479007
    100 1231479018
    100 1231479030
    100 1231479044
    100 1231479072
    100 1231480028
    100 1231480047
    100 1231480066
    200 1231480086
    200 1231480106
    200 1231480127
    300 1231480147
    300 1231480174
    300 1231480196
    300 1231480244
    100 1231480265
    100 1231480286
    100 1231480305
    100 1231480340
    100 1231480357
    100 1231480465
    100 1231480483
    200 1231480491
    200 1231480499
    100 1231480506
    100 1231481352
    100 1231481374
    100 1231481378
      1 1231481386
    100 1231481398
    100 1231481404
      4 1231481410
    300 1231481422
    100 1231481428
      1 1231481434
    100 1231481465
    200 1231481471
    100 1231481477
    100 1231481483
    100 1231481489
    100 1231481494
    100 1231481499
    100 1231481504
    100 1231482398
    100 1231482404
    100 1231482410
    100 1231482426
    100 1231482447
    300 1231482572
    200 1231482587
    200 1231483711
    200 1231483726
    200 1231483743
    200 1231483758
    200 1231483772
    200 1231483786
    100 1231483801
    100 1231483817
    200 1231483829
    100 1231483953
    100 1231483961
    100 1231484784
    100 1231484793
    100 1231484802
    100 1231484811
    100 1231484820
    100 1231484836
    100 1231484843
    100 1231484859
    100 1231484866
    100 1231484873
    200 1231484880
     31 1231484887
    100 1231484894
    100 1231484900
    200 1231484906
    100 1231484911
    100 1231484923
    200 1231484928
    200 1231484933
    200 1231484940
    200 1231484945
    200 1231484950
    200 1231484954
    200 1231484958
    300 1231484961
    200 1231484966
    300 1231484970
    200 1231485784
    300 1231485789
    200 1231485799
    200 1231485805
    200 1231485810
    100 1231485823
    100 1231485830
    100 1231485837
    100 1231485844
    100 1231485852
    100 1231485870
    100 1231485905
    100 1231485917
    100 1231485929
    200 1232258318
     90 1232260031
    100 1232827499
    200 1233856016
    100 1234139990
    100 1234140013
    100 1234140037
    100 1234140061
    100 1234140085
    100 1234140109
    100 1234140134
    100 1234140159
    100 1234140184
    100 1234140208
    100 1234140232
    100 1234140256
    100 1234140277
    100 1234140298
    100 1234140321
    100 1234140339
      2 1234144926
    100 1234144928
    300 1234363472
    200 1234381653
    200 1234381666
    164 1237492427
     11 1237492433
     92 1237492439
      9 1237492446
    100 1238539880
    100 1238539883
     99 1238539886
    100 1239816737
    100 1239816754
    100 1240481574
    100 1243240646
      7 1243414204
    100 1246395763
    100 1246512374
    100 1246888015
      1 1247672964
      2 1247986919
      1 1248013440
    100 1248869701
      8 1252622991
     26 1253438657
    100 1253453642
      1 1255281526
      3 1255679337
    100 1255804191
    100 1255804203
     15 1255963214
    100 1256787714
    200 1257965683
    100 1258275180
      3 1258293950
     32 1261304723
    123 1261634944
     86 1261636569
    200 1261636575
    200 1261636582
    200 1261636589
    200 1262129021
    200 1262784786
    200 1263121511
     80 1263121519
    200 1263615940
    200 1263615949
    200 1264320835
    200 1264949313
      1 1265114615
      5 1265114677
      4 1265114692
     10 1265114703
    200 1265131048
    100 1265304815
    200 1265952816
    200 1265952823
    200 1265952834
    200 1265952838
    100 1266007130
    100 1266007140
    100 1266109773
    100 1266120872
    100 1266174401
    100 1266283274
    100 1266283280
    100 1266457045
    300 1266459005
    300 1266459018
    300 1266459031
    300 1266459041
    400 1266459051
    400 1266459062
    400 1266459067
    300 1266459075
    300 1266459080
    300 1266459086
    400 1266459091
    400 1266459095
    400 1266459101
    300 1266459104
    300 1266459111
    300 1266459117
    100 1266803775
    100 1266843733
    100 1266970681
      9 1267159323
    200 1267472482
    100 1267472483
    100 1267472485
    100 1267951305
    200 1268142543
     10 1268183435
    200 1268327861
    200 1268477618
    200 1269458544
    200 1269458550
    200 1269498610
    200 1269768983
    200 1269768989
    100 1269816002
    100 1269942750
    100 1270319385
    100 1270326415
    100 1270637497
    100 1270637547
    200 1270769956
    100 1270784155
    100 1270784180
    100 1270784197
    100 1270784242
    100 1270784900
    100 1270784920
    100 1270784929
    100 1270784950
    100 1270784967
    100 1270784976
    100 1270784994
    100 1270785001
    100 1270785023
     13 1270785033
    100 1270785038
    100 1270785048
    100 1270785058
    100 1270785073
     14 1270785090
    100 1270785104
      4 1270785115
    100 1270785177
    100 1270785188
      3 1270785200
    200 1271327420
    100 1272530130
     13 1274190903
     11 1274190907
      8 1277268705
      6 1277268718
    100 1279665446
    100 1279665450
    100 1279665459
    100 1279665472
    100 1279665492
    100 1279665516
    200 1279794980
     10 1279806097
      6 1279806120
    200 1279820943
      4 1280827250
    100 1281697825
    100 1281697850
    100 1281697865
    100 1281698490
    100 1282014454
    200 1282017358
      9 1282017662
    100 1282017694
     18 1282017748
    200 1282023643
      7 1282023741
     46 1282023835
     29 1282023851
     33 1282023918
    100 1282028207
    200 1282033781
     63 1282034013
     18 1282037611
     76 1282037619
    200 1282041679
    300 1282041696
     50 1282041710
    200 1282041724
    200 1282041738
    200 1282048657
    200 1282048666
    200 1282048672
    200 1282048682
    100 1282049395
     49 1282050039
    200 1282050072
    200 1282050099
    100 1282050102
    200 1282050114
    200 1282050377
    200 1282050378
    200 1282050379
    200 1282050380
    100 1283468320
    100 1283468327
    200 1284565203
    100 1284972191
    100 1284972230
     77 1284972241
    100 1284972259
    100 1284972287
    100 1284972296
    100 1284972304
    100 1284972316
    100 1284972328
    100 1284972344
    100 1284972362
    100 1284972385
    100 1284972416
    100 1284972441
      9 1284972500
     13 1284972540
      5 1284972553
    100 1284972590
    100 1284972616
     10 1284972641
    100 1284972674
     27 1284972687
    100 1284972706
    100 1284972754
    100 1284972767
     13 1284972782
     21 1284972797
     67 1284972804
      4 1284972835
    100 1284972865
    100 1284972895
    100 1284972904
      9 1284972941
     54 1284972969
    100 1284972989
    100 1284973023
    100 1284973058
     36 1284973079
     36 1284973094
     67 1284973128
    100 1284973175
     24 1284973206
      9 1284973216
    100 1284973224
    100 1284973248
      4 1284973265
    100 1284973311
    200 1284982278
    300 1284982282
    200 1284982284
    200 1284982286
    200 1284982291
    100 1284982296
     39 1284982299
     99 1284982301
    100 1284982305
    100 1284982306
    100 1284982309
    100 1284982310
    100 1284982311
    100 1284982313
    100 1284982315
    100 1284982316
    100 1284982318
    100 1284982319
    100 1284982320
    200 1285004667
    200 1285004669
    200 1285004671
    200 1285007142
    200 1285007144
    400 1285007146
    400 1285007148
    400 1285007150
    300 1285007152
    300 1285007154
    300 1285007155
    300 1285007157
    300 1285007159
    100 1285007161
    100 1285007163
    100 1285007165
    100 1285007167
    100 1285007169
    100 1285007171
    100 1285007173
     39 1285692394
    100 1285692402
     22 1285692412
      1 1285692424
     53 1285692434
     88 1285692437
     71 1285692440
    100 1285693526
    100 1285693529
    100 1285693531
    100 1285693533
      5 1285695687
    100 1285695690
    100 1285695692
    100 1285695694
    100 1285695696
    100 1285695698
    100 1285695700
    100 1285695702
    100 1285695703
     74 1285695705
    100 1285695707
    100 1285695709
      5 1285695711
    100 1285695713
    100 1285695714
    100 1285695716
    100 1285695720
     29 1285695722
      2 1285695724
     26 1285695725
     30 1285695727
     90 1285695729
    100 1285695731
     89 1285695733
      6 1285695735
     19 1285695737
    100 1285695739
     24 1285696521
    100 1285696523
    100 1285696525
     58 1285696526
    100 1285696527
     19 1285696528
    100 1285715634
    100 1285718870
    100 1285869674
      1 1285871493
     43 1285871576
    100 1285871578
     26 1285871618
    100 1285871665
     91 1285871799
    100 1285871850
    100 1285871923
     19 1285871985
    100 1285872073
     42 1285872152
     58 1285872219
     98 1285872243
    100 1285872248
    100 1285872281
    100 1285872289
      6 1285872340
    100 1285872390
     53 1285872411
     97 1285872413
      6 1285872424
    100 1285872427
     13 1285878883
     76 1285878894
    100 1285878903
    100 1285878912
     55 1285878927
     90 1285878934
     98 1285878942
     28 1285878949
    100 1285878958
     10 1285878961
     71 1285878970
     48 1285878979
      8 1285878981
      4 1285878992
    100 1285878997
     47 1285879006
    100 1285879011
    100 1285879019
    100 1285879020
     44 1285879024
     26 1285879033
    100 1285879038
     53 1285879047
     99 1285879052
    100 1285879063
     30 1285879196
    100 1285879233
    100 1285879256
     45 1285879268
    100 1285879280
    100 1285879300
      3 1285879322
     25 1285879335
     10 1285879343
     27 1285879347
    100 1285879355
    100 1285879368
     11 1285879372
      6 1285879380
    100 1285879393
    200 1285879416
    100 1285879428
    100 1285879448
     80 1285879481
    100 1285879484
     91 1285879509
     64 1285879541
     77 1285879554
    100 1285881867
    100 1285881940
    100 1285881981
    100 1285881986
    200 1285905500
    200 1285905518
    200 1285905556
    200 1285905592
    200 1285905613
    200 1285905627
    200 1285905641
    300 1285905655
     11 1285929033
    100 1286051492
    100 1286051533
    100 1286051573
    100 1286051646
    100 1286051711
     55 1286051785
    100 1286051826
    100 1286051911
    100 1286051959
    100 1286052002
    100 1286052014
    100 1286052062
    100 1286052121
    100 1286052158
    100 1286052276
    100 1286053010
    100 1286053083
     70 1286055160
    100 1286055162
     54 1286055164
    100 1286055166
    100 1286055168
    100 1286055169
     96 1286055170
    100 1286055171
    100 1286055172
    100 1286055173
     62 1286055174
    100 1286055175
    200 1286055176
    100 1286055177
     68 1286055178
     77 1286055179
      4 1286055180
    100 1286055181
    100 1286055182
     52 1286055183
    100 1286055184
    100 1286055185
    100 1286055186
    100 1286055187
     73 1286055188
    100 1286055189
    100 1286055190
    100 1286055191
    100 1286055192
    100 1286055193
    100 1286055194
    100 1286055195
    100 1286055196
    100 1286055197
    100 1286055198
     12 1286055199
    100 1286059322
    100 1286059329
    100 1286059331
    100 1286059333
    100 1286059336
    100 1286059339
    100 1286059342
     51 1286059345
    100 1286059348
    100 1286059351
    100 1286059355
     14 1286059359
    100 1286059363
    100 1286059365
    100 1286059369
     99 1286059372
    100 1286059380
    100 1286059384
    100 1286059387
    100 1286059393
    100 1286059397
    100 1286059400
     48 1286059404
     43 1286059408
    100 1286059412
     45 1286059416
    100 1286059420
     15 1286059428
    100 1286062760
    100 1286062762
    100 1286062768
    100 1286062771
    100 1286062774
    100 1286062777
     70 1286062780
    100 1286062783
    100 1286062786
    100 1286062788
     12 1286062792
     36 1286062793
     35 1286062796
    100 1286062799
    100 1286062802
      9 1286062805
     68 1286062808
     16 1286062810
     11 1286062814
    100 1286062817
     74 1286062820
    100 1286062823
    100 1286083533
    300 1286090036
    400 1286090042
     90 1286098921
    100 1286098942
    100 1286098953
     99 1286099004
    100 1286099082
     46 1286099109
    100 1286099154
    100 1286099191
    100 1286099197
      4 1286099239
     12 1286099759
    100 1286099838
     26 1286099858
    100 1286099913
     17 1286099949
    100 1286099994
    100 1286100031
    100 1286100041
    100 1286100099
    100 1286100178
    100 1286100219
    100 1286100308
    100 1286100398
     68 1286100476
    100 1286100537
    100 1286100594
     81 1286100642
    100 1286100756
    100 1286100802
    100 1286100981
    100 1286101004
    100 1286101020
    100 1286101071
    100 1286104790
    100 1286104793
    100 1286104796
     83 1286104800
    100 1286104803
    100 1286120398
     82 1286120399
    100 1286120400
     25 1286120401
     32 1286120403
    100 1286262866
    100 1286486448
    100 1286486451
    100 1286486464
    100 1286486481
    100 1286486491
    100 1286486496
    100 1286486548
    100 1286490084
    100 1286490112
    100 1286490178
    100 1286500170
     86 1286500175
    100 1286500219
    100 1286500244
    100 1286500269
    100 1286500302
    100 1286500370
    100 1286500407
     58 1286500448
     20 1286500452
     25 1286500487
    200 1287036850
    200 1287036858
    200 1287036870
    200 1287036882
     84 1287036893
    200 1287036905
    100 1287036917
    100 1287036936
     55 1287036948
     41 1287036957
     80 1287036984
     62 1287036994
    100 1287040224
    100 1287040238
     78 1287040249
     67 1287040255
    100 1287040259
     69 1287040262
     12 1287040268
     54 1287040271
    100 1287040274
    100 1287040276
    100 1287040278
    100 1287040282
    100 1287040290
      7 1287040294
     31 1287040297
    100 1287040299
    100 1287040302
    100 1287040305
     19 1287040308
    100 1287040311
    100 1287040315
     89 1287040319
    100 1287040322
    100 1287040326
    100 1287040330
     44 1287040333
    100 1287054933
     78 1287059179
    100 1287059187
     61 1287059191
      1 1287059204
    100 1287059206
    100 1287059211
     50 1287059216
    100 1287059220
    100 1287068486
    100 1287184028
    100 1287357995
    100 1287366987
    100 1287376220
     44 1287550962
      4 1287599030
    100 1288485204
    100 1289602359
    100 1289602498
    100 1289602510
    100 1289602529
    100 1289602553
    100 1289602557
    100 1289602600
    100 1289602604
    100 1289602636
    100 1289602684
    100 1289602688
    100 1289602736
    100 1289602769
    100 1289602772
    100 1289602799
    100 1289602850
    100 1289602872
    100 1289602897
    100 1289602926
    100 1289602941
    100 1289602954
    100 1289602989
     30 1289603022
    100 1289603056
    100 1289603084
    100 1289603085
    100 1289603117
    100 1289603140
    100 1289603153
    100 1289603174
    100 1289603218
     19 1289603223
    100 1289603253
    100 1289603303
     52 1289603343
    100 1289603406
    100 1289607228
    100 1289607233
    100 1289607264
    100 1289607298
    100 1289607314
     56 1289607321
    100 1289607325
     19 1289607387
    100 1289607471
     12 1289607525
    100 1289607555
    100 1289607592
    100 1289607603
    100 1289607630
    100 1289607651
    100 1289607662
    100 1289607673
    100 1289607717
    100 1289607744
    100 1289607748
    100 1289607756
    100 1289607792
    100 1289607806
    100 1289607838
    100 1289607843
    100 1289607892
    100 1289607922
    100 1289607942
    100 1289607999
    100 1289608011
    100 1289608014
    100 1289608068
    100 1289608156
     25 1289608191
    100 1289608223
    100 1289608228
    100 1289608267
    100 1289608463
    100 1289608507
    100 1289612008
    100 1289612029
    100 1289612059
    100 1289612065
     77 1289612105
    100 1289612107
    100 1289612141
    100 1289612202
     95 1289612218
    100 1289612243
      9 1289612247
    100 1289612266
    100 1289612289
    100 1289612311
    100 1289612323
     51 1289612326
     65 1289612341
    100 1289612345
    100 1289612374
    100 1289612395
    100 1289612416
    100 1289612429
    100 1289612459
    100 1289612487
    100 1289612637
     65 1289612655
    100 1289612690
     43 1289612772
    100 1289612803
    100 1289612814
     77 1289612840
     53 1289612865
    100 1289612887
    100 1289612908
    100 1289612912
    100 1289612927
    100 1289612955
    100 1289613116
    100 1289613139
    100 1289613175
    100 1289613202
    100 1289613235
    100 1289615907
    100 1289615929
    100 1289615949
    100 1289615973
    100 1289615979
    100 1289616000
    100 1289616010
    100 1289616025
    100 1289616069
    100 1289616078
    100 1289616109
    100 1289616111
    100 1289616113
    100 1289616118
    100 1289616142
    100 1289616160
    100 1289616166
    100 1289616183
    100 1289616185
    100 1289616218
    100 1289616244
     49 1289616297
     29 1289616300
    100 1289616337
    100 1289616399
    100 1289616410
    100 1289616449
    100 1289616478
    100 1289616497
    100 1289616519
    100 1289616542
    100 1289616558
    100 1289616560
    100 1289616583
    100 1289616615
    100 1289616620
    100 1289616695
     32 1289616862
    100 1289616879
     10 1289616882
    100 1289616904
    100 1289616944
    100 1289616969
    100 1289616993
    100 1289617022
    100 1289617039
    100 1289617079
     62 1289620934
    100 1289620952
    100 1289621096
     27 1289621116
    100 1289621178
    100 1289621196
    100 1289621256
     66 1289621301
    100 1289621303
    100 1289621324
    100 1289621386
    100 1289621414
    100 1289621466
    100 1289621482
    100 1289621521
    100 1289621543
    100 1289621570
      5 1289621592
    100 1289621629
    100 1289621631
    100 1289621680
    100 1289621683
     11 1289678918
    100 1289770913
    100 1289770924
      1 1289770936
    100 1289770950
     47 1289770963
    100 1289770976
    300 1289770992
    300 1289771005
    100 1289771024
     12 1289771036
    100 1289771047
    100 1289771061
    100 1289771120
    100 1289771152
    100 1289771206
    100 1289771208
    100 1289771224
    100 1289771250
    100 1289771288
    100 1289771295
    100 1289771301
    100 1289771305
    100 1289771308
    100 1289771312
    100 1289771339
    100 1289771377
    100 1289771394
    100 1289771405
    100 1289771420
    100 1289771422
    100 1289771447
    100 1289771478
    100 1289771480
    100 1289771483
    100 1289771488
    100 1289771566
    100 1289771640
    100 1289771661
    100 1289771665
    100 1289771668
    100 1289771672
    100 1289771673
    100 1289771705
    100 1289771751
    100 1289771756
    100 1289771785
    100 1289771799
    200 1289771844
    200 1289771955
    100 1289776226
    100 1289800795
     49 1289800798
    100 1289800801
     48 1289800804
    100 1289800807
     39 1289800810
     59 1289800813
    100 1289800817
     29 1289800820
     36 1289800822
     32 1289800825
      8 1289800828
    100 1289800831
    100 1289800834
    100 1289800836
    100 1289800839
    100 1289800841
    100 1289800844
    100 1289800849
    100 1289800852
    100 1289800854
     53 1289800856
     39 1289800860
    100 1289800865
     36 1289800869
    100 1289800873
    100 1289800875
    100 1289800878
     36 1289800882
    100 1289800886
    100 1289800890
    100 1289800894
     32 1289800898
    100 1289800901
    200 1289800904
    100 1289800907
     73 1289800911
    100 1289800914
     21 1289800917
     70 1289800921
      4 1289800925
    100 1289800928
    100 1289800931
    100 1289805605
    100 1289805611
     18 1289805616
    100 1289805621
     30 1289805625
    100 1289805629
    100 1289805633
     21 1289805638
    100 1289805646
    100 1289805651
    100 1289805654
     36 1289805658
    100 1289805661
    100 1289805664
    100 1289805667
     73 1289805670
     76 1289805673
    100 1289805675
    100 1289805677
    100 1289805679
    100 1289805681
    100 1289805683
    100 1289805685
    100 1289805687
    100 1289805689
    100 1289805691
    100 1289805693
    100 1289805695
     80 1289805697
    100 1289805699
    100 1289805701
    100 1289805703
    100 1289805705
      7 1289805707
     48 1289805709
     10 1289805711
    100 1289805713
    100 1289805717
     14 1289805719
      4 1289805721
    100 1289805723
     85 1289805725
    100 1289805727
    100 1289805729
    100 1289805730
    100 1289805731
    100 1289805732
    100 1289805733
     76 1289805734
    100 1289805735
    100 1289805736
    100 1289805737
    100 1289805738
    100 1289805739
    100 1289805741
    100 1289805742
    100 1289805743
    100 1289809819
     10 1289809821
    100 1289809823
    100 1289809825
    100 1289809827
    100 1289809829
     39 1289809831
    100 1289809833
    100 1289809835
    100 1289809837
     51 1289809839
     81 1289809842
    100 1289809845
    100 1289809848
    100 1289809850
    100 1289809854
    100 1289809857
     71 1289809860
    100 1289809862
     16 1289809865
    100 1289809868
     53 1289809871
    100 1289809873
     29 1289809876
     83 1289809879
     21 1289809882
    100 1289809885
    100 1289809890
    100 1289809892
    100 1289809894
    100 1289809898
      7 1289809900
     18 1289809905
    100 1289809909
     83 1289809912
    100 1289809916
    100 1289809921
    100 1289809924
    100 1289809927
    100 1289809933
    100 1289809936
    100 1289809939
    100 1289809941
      1 1289809945
    100 1289809948
    100 1289809951
    100 1289809953
    100 1289809956
     50 1289809960
    100 1289967934
    100 1289967936
    100 1289967938
    100 1289967950
    100 1289971984
    200 1290163269
    100 1290379126
    100 1290968966
      1 1295506160
      1 1295516170
      5 1296508160
    100 1296508162
     54 1298183731
    100 1298332675
     39 1301139430
    100 1301139432
    100 1303334612
     10 1303958291
    200 1305278257
      5 1305642910
     17 1305695785
     18 1305695817
     86 1305695823
     24 1305695833
    100 1305695841
     53 1305695848
     23 1305695851
     19 1305700136
     19 1305700167
     17 1305700195
     14 1305700223
     48 1305700238
     26 1305700247
     18 1305700250
     71 1305700262
     12 1305700275
     27 1305700283
     16 1305700294
     43 1305700308
     23 1305700311
     13 1305700314
    100 1305700316
     22 1305700326
     16 1305700339
     18 1305700354
     18 1305700375
     17 1305706573
     73 1305706578
     34 1305706583
     22 1305706585
    100 1305706589
     49 1305706595
      5 1305706608
     72 1305706612
     24 1305706627
      2 1305804941
     17 1305804972
      7 1305805053
     15 1305805095
     17 1305805128
     97 1305805184
      4 1305805257
     10 1305805290
     11 1305805453
     16 1305805864
     18 1305805896
     49 1305806002
      7 1305806098
     12 1305806326
      1 1305814555
     11 1305814556
      4 1305814558
     19 1305814561
      2 1305814565
     11 1305814566
      1 1305814570
     10 1305814571
     14 1305814576
     15 1305814581
     11 1305814586
     11 1305814591
     13 1305814596
     12 1305814602
     10 1305814610
     31 1305814612
     69 1305814616
      1 1305814619
     11 1305814621
      1 1305814622
      2 1305814625
     22 1305818694
      2 1305818710
     10 1305818714
      2 1305818744
     13 1305818746
      1 1305818748
     14 1305818750
     14 1305818758
      9 1305818778
     16 1305823655
     14 1305823679
     11 1305823683
      8 1305823695
     41 1305823702
     25 1305823723
     17 1305823765
     42 1305823785
     29 1305823809
     12 1305823842
     44 1305823858
     18 1305823880
     50 1305823895
      9 1305823912
     19 1305823939
     11 1305831217
     46 1305831230
      9 1305831233
     16 1305831245
     44 1305831257
     16 1305831260
    100 1305831266
     33 1305831278
      5 1305831279
     71 1305834235
     25 1305834238
     48 1305834242
    100 1305834245
      9 1305834254
     44 1305834266
     19 1305834281
     12 1305834283
     47 1305834289
     85 1305834296
     19 1305834298
     52 1305834302
    100 1305834305
     43 1305834311
     16 1305834314
     36 1305834329
    100 1305834337
     19 1305834349
     96 1305834354
     64 1305834359
      1 1305834376
     10 1305834386
     45 1305834394
      9 1305834396
     17 1305836597
     58 1305836606
     16 1305836607
     54 1305836611
     26 1305836612
    100 1305836614
     54 1305836616
     17 1305836617
     33 1305836618
    100 1305836619
     51 1305836621
     14 1305836622
     36 1305836623
    100 1305836624
     18 1305836627
     49 1305836636
      7 1305836637
     32 1305836638
    100 1305836639
     11 1305836640
     50 1305836641
    100 1305836644
      9 1305836647
      9 1305839015
     96 1305839024
     12 1305839046
      3 1305860967
     13 1305860968
      6 1305860970
     12 1305860973
     11 1305860980
      3 1305860998
     16 1305861000
     41 1305861004
      9 1305861010
     10 1305865882
      3 1305865886
     11 1305865887
     11 1305865892
     23 1305865894
      9 1305865897
      5 1305865899
     10 1305865902
     12 1305865911
     16 1305865912
     11 1305865922
      1 1305865926
     11 1305865927
     26 1305865928
     41 1305865929
      9 1305865932
      1 1305865938
     11 1305865940
     13 1305868769
      4 1305868812
     11 1305868814
      2 1305868817
     13 1305868823
      9 1305868833
      8 1305868841
     11 1305868843
     68 1305868847
      2 1305868851
      9 1305868853
     12 1305868863
      1 1305873015
      9 1305873023
      6 1305873039
      1 1305873053
      9 1305873060
      3 1305873077
      5 1306004181
      1 1306007284
      2 1306007321
     11 1306007344
      1 1306007349
      6 1306007371
      1 1306012524
      2 1306012551
      3 1306012558
      3 1306012561
      6 1306012565
      6 1306012567
      2 1306012576
     13 1306012578
      3 1306012583
     11 1306012597
      2 1306012600
     11 1306012602
      5 1306012606
      8 1306012607
      3 1306059775
    200 1306071224
      5 1306071250
      2 1306071256
      1 1306071261
     62 1306071262
    100 1306071263
    100 1306071264
    100 1306071265
    100 1306071266
    100 1306074193
     29 1306074195
    100 1306074196
     98 1306074199
    100 1306074200
    100 1306074201
    100 1306074203
    100 1306074205
     49 1306074207
    100 1306074209
    100 1306074215
    100 1306074219
      6 1306074221
      8 1306074230
     25 1306074233
      3 1306074238
      2 1306074240
     14 1306074242
      5 1306074244
      5 1306074246
      1 1306094205
     47 1306198692
     20 1306198698
      9 1306198701
     48 1306202270
      9 1306202272
      3 1306202284
    106 1306202290
     11 1306202298
     30 1306202303
      1 1306202305
      4 1306206670
     66 1306206673
      5 1306206680
     13 1306206683
      3 1306206689
      4 1306206692
      4 1306206699
     25 1306206703
      2 1306206719
     10 1306206754
      4 1306206757
     11 1306206760
     19 1306206765
     40 1306206767
     40 1306206771
      7 1306206775
      3 1306206779
    100 1306206783
    100 1306206785
     31 1306206787
     49 1306206789
    100 1306206791
    100 1306206792
     21 1306206794
     85 1306206796
     41 1306206797
    100 1306206799
    100 1306206801
     87 1306206803
    100 1306206807
    100 1306206810
    100 1306206815
      3 1306206820
    100 1306206822
    100 1309748167
    100 1309748191
    100 1309748212
    100 1309748249
    100 1309748255
    100 1309748263
    100 1309748281
    100 1309748294
    100 1309748303
    100 1309748321
    200 1309748335
    100 1309748358
    100 1309748374
    100 1309748382
    100 1309748407
    100 1309748434
    100 1309748453
    100 1309748475
    100 1309748497
    100 1309748519
    100 1309748533
    100 1309748550
    100 1309748567
    100 1309748586
    100 1309748603
    100 1309748617
    100 1309748630
    100 1309748648
    100 1309748658
    100 1309748675
    400 1314825684
    116 1314825688
    108 1314825712
    400 1314825716
    400 1314825721
     40 1314825725
     48 1314825729
     72 1314825733
    400 1314825737
    400 1314825742
     64 1314825745
     88 1314825749
     16 1314825756
    400 1314825763
     64 1314825766
    372 1314825768
    400 1314825770
    400 1314825772
    208 1314825774
    400 1314825776
    400 1314825778
    400 1314825780
    500 1314827684
    164 1314827686
    392 1314827689
    400 1314827696
    400 1314827699
    500 1314827702
    400 1314827705
    400 1314827707
    400 1314827710
     32 1314827713
     48 1314827716
    400 1314827725
    300 1315434502
     34 1318583365
     58 1318583379
     86 1318583382
    200 1318583387
    200 1318583642
      2 1318583652
      8 1318583657
    200 1318583662
     52 1318583666
      2 1318583670
     10 1318583676
    200 1318614821
      2 1318614829
    200 1318614831
    134 1318614833
     10 1318614835
     12 1318614838
      2 1318615033
    200 1318615039
      1 1318979204
    100 1319515550
    100 1319515554
    100 1319515562
    100 1319515570
    100 1319515578
    100 1319515593
    100 1319515596
    100 1319515599
     64 1319515619
    100 1319515622
    200 1319515625
    100 1319515628
     55 1319515631
     40 1319515637
    100 1319519221
    100 1319519223
    100 1319519246
    100 1319519252
    100 1319519257
    200 1319519262
    100 1319519270
    200 1319519393
    200 1319519398
    200 1319519404
    200 1319519408
    200 1319519415
    200 1319519420
    200 1319519425
      2 1319519435
    200 1319519440
    100 1319519446
    100 1319519478
    100 1319519482
    100 1319519486
    100 1319519495
    100 1319519498
    100 1319536752
    100 1319536754
    100 1319536764
    100 1319536766
    100 1319536768
    100 1319536770
    100 1319536774
    200 1319536776
    200 1319536778
    200 1319536780
    200 1319536783
    100 1319536785
    100 1319536787
    100 1319536789
      7 1319536791
     23 1319536795
      9 1319536797
    100 1319536799
    100 1319536801
    100 1319536810
     17 1319536811
      9 1319536812
    100 1319536813
     31 1319536814
    100 1319536815
     94 1319536817
     21 1319536819
    100 1319536820
    100 1319536823
    100 1319536824
    100 1319536825
    100 1319536826
    100 1319536827
     11 1322679791
    200 1322887197
    100 1324052469
      2 1324282162
     60 1324447344
     83 1324447362
    100 1325051876
    100 1325051884
    100 1325057469
    100 1325057470
    100 1325057471
    100 1325057475
    100 1325057480
    100 1325057483
    100 1325057486
    100 1325057500
    100 1325057503
    100 1325057544
    100 1325057546
    100 1325057547
    100 1325057548
    100 1325057549
    100 1325057550
    100 1325057552
    100 1325057553
    100 1325057554
    200 1325249516
    200 1325249521
    100 1325249534
    200 1325249537
    100 1325249538
    100 1325249546
    100 1325249595
     78 1325265274
    100 1325265275
    100 1325265276
    200 1325286093
    100 1325287370
    200 1325287375
    100 1325287390
    100 1325287397
    100 1325287405
    100 1325287409
    100 1325287428
    200 1325287433
    100 1325287477
    100 1325287481
    200 1325290414
    100 1325290417
    200 1325290420
    100 1325290427
     73 1325290430
    100 1325290434
    100 1325290438
    200 1325290443
    100 1325290452
    100 1325290455
    100 1325290479
    100 1325290482
      2 1325290488
    200 1325449474
    200 1325451456
    100 1325451457
    200 1325451459
    100 1325451463
    100 1325451465
    100 1325451467
    100 1325451526
     32 1325451530
    200 1325451534
     28 1325457222
    100 1325457224
    100 1325457273
     66 1325457282
    100 1325457284
    100 1325461073
    100 1325461076
    100 1325461511
     92 1325461513
    176 1325461515
    100 1325461522
    100 1325461524
    100 1325461526
    100 1325461529
    100 1325837024
    100 1327163932
    100 1327163935
    100 1327163937
    100 1327163943
      1 1327163946
    100 1327163949
    100 1327163952
     18 1327163955
    100 1327163958
      8 1327163961
    100 1327163964
    100 1327163967
    100 1327210854
    100 1327210864
    100 1327210869
    100 1327210874
    100 1327210879
    100 1327210886
    100 1327210938
    100 1327210941
    100 1327210944
    100 1327210948
    100 1327210951
    100 1327210954
    100 1327350682
    100 1327350688
    100 1327350693
    100 1327350698
    100 1327350702
    100 1327350707
    100 1327350715
    100 1327350720
    100 1327350725
    100 1327350729
    100 1327350733
    100 1327350736
    100 1327350740
     37 1327350744
    100 1327350746
    100 1327350748
     33 1327350750
    200 1327352589
    200 1327352615
    200 1327352617
    200 1327352633
    200 1327352674
    200 1327352682
     90 1328323928
      7 1328323930
     30 1328323932
      2 1328323935
      4 1328323937
     69 1328323940
     71 1328323945
     59 1328323947
      9 1328323950
     38 1328323952
      9 1328323956
      2 1328323960
    400 1329560717
     11 1331103644
    100 1331605488
    100 1331997274
    100 1332368379
      5 1333959887
      2 1333959889
      2 1333959897
      1 1335773019
    100 1336569999
    200 1340808990
    200 1340808993
    200 1340808997
    200 1340809000
    200 1340809002
    200 1340809008
    200 1340809012
    200 1340809016
    200 1340809024
    200 1340809030
    200 1340809034
    200 1340809038
    200 1340809042
    200 1340809046
    200 1340809050
    200 1340809058
    100 1340931216
    100 1340931217
    100 1340931218
    100 1340931219
    100 1340931220
    100 1340931221
    300 1340931222
    100 1340931224
     81 1340931225
      4 1340931226
    100 1340931227
    100 1340931228
    100 1340931229
    100 1340931230
    100 1340931231
    100 1340931232
    100 1340931233
    100 1340931234
    100 1340931235
    100 1340931236
    100 1340931237
    100 1340931238
     16 1340931239
    100 1340931240
      2 1340931241
    100 1340931242
    100 1340931243
    100 1340931244
    100 1340931245
    100 1340931246
    100 1340931247
     41 1340931248
    100 1340931249
    100 1340931250
    100 1340931251
    100 1340931253
    100 1340933631
    100 1340933636
     91 1340933642
     99 1340933647
    100 1340933656
    100 1340933660
    100 1340933665
      3 1340933669
    100 1340933674
    100 1340933679
    100 1340933684
    100 1340933690
     29 1340933695
     46 1340933702
    200 1340958869
    200 1340958894
     54 1340958902
    200 1340958905
    200 1340958908
    200 1340958911
    200 1340958913
    200 1340958916
    200 1340958918
     44 1340958922
    200 1340958926
    200 1340958930
    147 1340958934
    200 1340958940
    200 1340958947
    200 1340958951
    200 1340958959
    200 1340958963
    200 1340958967
    200 1340958971
    200 1340958975
    200 1340958978
     58 1340958984
    200 1340958989
    200 1340958993
    200 1340959000
    200 1340959002
    200 1340959009
     14 1340959013
      4 1340959017
    200 1340959021
    200 1340959025
    200 1340959029
    200 1340959042
    200 1340959045
    200 1340959049
    240 1340959053
    200 1340959056
    200 1340959061
    200 1340960944
    200 1340960952
    200 1340960960
    200 1340960970
    200 1340960975
    200 1340960982
    200 1340960993
    200 1340961000
    200 1340961011
    200 1340961022
     88 1340961028
    100 1340961064
     97 1340961085
    200 1340961096
     12 1340961106
    100 1340961118
    100 1340961128
    100 1340961138
    100 1340961178
    100 1340961185
    100 1340961195
    100 1340961206
    100 1340961216
    100 1340961227
     96 1340961235
    100 1340961240
     80 1340961250
    100 1340961257
    100 1340961265
    100 1340961272
    100 1340961279
    100 1340961288
     86 1340961292
    100 1340961297
    100 1340961305
    100 1340961315
    200 1340961322
    200 1340961330
    200 1340961338
    200 1340961343
    200 1340961347
    100 1340961353
    100 1340961359
    100 1340961365
    100 1340961370
    100 1340961374
    100 1340961378
    100 1340961535
    100 1340961536
    100 1340961537
    100 1340961538
    100 1340961539
    100 1340961540
    100 1340961554
    100 1340961555
    100 1340961556
    100 1340961558
     99 1340961561
      3 1340961562
    100 1340961563
    100 1340961564
    100 1340961565
    100 1340961566
      4 1340961567
    100 1340969636
    100 1340969662
    100 1340969683
     23 1340969701
    100 1340969768
    100 1340969843
    100 1340969854
     50 1340969919
    100 1340970007
    100 1340970050
    100 1340970105
    100 1340970140
    100 1340970235
    100 1340970277
    300 1340970320
    100 1340970413
     28 1340970417
    100 1340970492
    100 1340970500
    100 1340970552
    100 1340970556
    100 1340970583
    100 1340970619
     33 1340970695
    100 1340970753
    100 1340970795
    100 1340970841
    100 1340970932
    100 1340970938
    100 1340971031
    100 1340971074
    100 1340971150
    100 1340971199
    300 1340971205
    300 1340971258
    100 1340971314
     89 1340971318
    100 1340971351
     91 1340971440
     84 1340971525
     15 1340971529
    100 1340971577
    100 1340971619
    100 1340971653
     90 1340971665
    100 1340976630
    100 1340976633
    100 1340976636
    100 1340976639
     44 1340976642
    100 1340976645
    100 1340976648
    100 1340976651
    100 1340976654
    100 1340976657
    100 1340976659
    100 1340976661
     32 1340976663
    100 1340976666
    100 1340976669
    100 1340976672
    100 1340976674
    100 1340976677
    100 1340976680
    100 1340976684
    100 1340976688
    100 1340976692
     14 1340976695
    100 1340976699
    100 1340976703
      6 1340976707
    100 1340976709
    100 1340976713
     52 1340976716
    100 1340976720
    100 1340976723
     17 1340976727
    100 1340976729
    100 1340976732
    100 1340976735
    100 1341002368
     18 1341024307
    100 1341024308
     20 1341024309
    100 1341024310
     58 1341024311
    100 1341024312
    100 1341024313
    100 1341604183
     59 1341604189
    100 1341604194
    100 1341604199
    100 1341604203
    100 1341604210
    100 1341604214
    300 1341604219
    200 1341604223
    100 1341604227
    100 1341604232
    100 1341604237
    100 1341604242
    100 1341604245
    300 1341604268
    300 1341604273
    300 1341604278
    300 1341604283
    300 1341604288
    300 1341604293
    300 1341604298
    237 1341604304
    600 1341604309
    300 1341608948
    300 1341608958
    300 1341608966
    300 1341608972
     78 1341608980
    400 1341608989
    100 1341608997
    100 1341609005
    100 1341609016
    100 1341609024
     71 1341609042
    500 1341609055
    500 1341609063
    500 1341609071
    500 1341609080
    500 1341609088
    500 1341609094
    100 1341609102
    500 1341609110
    500 1341609117
    900 1341609125
    100 1341609134
     51 1341609140
     24 1341609145
    200 1341609152
    200 1341609158
    200 1341609165
    200 1341609169
    300 1341609176
    200 1341609181
    200 1341609188
    200 1341609194
    200 1341609200
    200 1341609203
    200 1341609211
    138 1341609219
    200 1341609226
     56 1341609232
    100 1341609239
    100 1341609246
      9 1341609253
    100 1341609260
      4 1341609265
    200 1341627270
    200 1341627278
     20 1341627280
     24 1341627282
    200 1341633135
    100 1341675836
    100 1341675839
    100 1341675841
    100 1341675843
    200 1343653359
    100 1343671277
     42 1343832919
    200 1343832922
    200 1343832924
    200 1343832926
    200 1343832928
    200 1343832931
    200 1343832933
    200 1343832935
      2 1343832937
    200 1343832939
    200 1343832942
    200 1343832946
    200 1343832949
    200 1343832953
    200 1343832957
    200 1343832959
    200 1343832965
    200 1343832968
    200 1343837798
    200 1343837801
     74 1343837804
    200 1343837807
    200 1343837810
    200 1343837811
    300 1344513003
     36 1345829133
      2 1347783343
     11 1347930435
    100 1348688691
    200 1348688747
    100 1348688754
    100 1348688762
    100 1348695105
    100 1348695122
    200 1348695126
    100 1348695134
    200 1348695138
    100 1348695150
    200 1348695153
    100 1348695159
    100 1348695162
    100 1348695167
    100 1348695169
    100 1348695171
    100 1348695178
    100 1348695180
    100 1348695186
    100 1348695188
    100 1348695192
    100 1348695204
    300 1348695213
    100 1348695230
    100 1348698570
    100 1348698572
    100 1348744778
    100 1348744783
    100 1348744802
    200 1348744831
    100 1348744837
    100 1348744839
    100 1348744841
    100 1348744844
    100 1348744847
    100 1348744850
    100 1348744853
    100 1348744857
    100 1348744859
    100 1348744861
    200 1348744864
    200 1348744866
    100 1348744871
    100 1348744874
    100 1348744876
    100 1348744879
    100 1348744886
    100 1348744890
    100 1348744894
    100 1348744899
    100 1348744903
    100 1348744913
    100 1348744918
    100 1348744924
    100 1348744929
    100 1348744936
    200 1348744942
    100 1348748207
    200 1348748208
    100 1348748209
    100 1348748210
    100 1348748211
    100 1348748212
     34 1348748213
    100 1348748214
    100 1348748215
    100 1348748216
    100 1348748217
      3 1348748218
    100 1348748219
    100 1348748220
    100 1348748221
    100 1348748222
    200 1348748223
    200 1348748224
    200 1348748225
    200 1348748226
    200 1348748227
    200 1348748228
    200 1348748229
    200 1348748230
    200 1348748231
    200 1348748232
    200 1348748233
    200 1348748234
    200 1348748235
    300 1348748236
    200 1348748237
    200 1348748238
    200 1348748240
    200 1348748241
    100 1348748250
    100 1348748251
    100 1348748252
    100 1348748253
    100 1348748254
    100 1348748255
    100 1348748256
    100 1348748257
    200 1348748258
    100 1348748260
    100 1348748262
    100 1348748264
    100 1348748266
    100 1348748268
    100 1348748270
    100 1348748272
    100 1348750958
    200 1348750960
    100 1348750962
    100 1348750967
    100 1348750971
    100 1348750975
    200 1348750977
    100 1348750979
    100 1348750981
    100 1348750983
    100 1348750985
    100 1348750989
    100 1348750991
    100 1348750993
    100 1348849445
    178 1348849683
    100 1348849762
    100 1348849880
    200 1348849922
      2 1348849968
    200 1348850035
    100 1348850149
    100 1348850170
    100 1348865082
    100 1348870060
    200 1348874811
    200 1348874819
    200 1348874826
    200 1348874832
    200 1348874851
    200 1348874871
    200 1348874891
    100 1348874908
    100 1348874929
    100 1348874948
    100 1348874971
    100 1348874990
    100 1348875006
    100 1348875013
     71 1348875020
    100 1348875030
    100 1348875043
    200 1348875063
    100 1348875076
    200 1348875094
    100 1348875118
    100 1348875140
    100 1348875156
    100 1348875173
    300 1348877092
    400 1348877139
    300 1348877238
    300 1348877297
    300 1348877336
    300 1348877354
    300 1348877371
    400 1348877432
    300 1348877496
    200 1348879852
    200 1348879868
    200 1348879886
    200 1348879897
    100 1348879906
    100 1348879929
    200 1348879943
    400 1348879975
    100 1348879996
    100 1348880009
    200 1348880033
    400 1348880064
    100 1348880079
    200 1348880102
    100 1348880127
    100 1348880155
    100 1348880160
     43 1348880174
    100 1348880203
    100 1348880232
    116 1348880243
    200 1348880263
    100 1348880288
    200 1348880302
    200 1348880317
    200 1348880329
    100 1348880351
    100 1348880379
    100 1348880380
    200 1348880417
    100 1348880454
    200 1348880495
    100 1348880505
     10 1348880591
    100 1348880736
    100 1348880759
     72 1348880786
    100 1348880803
    100 1348880823
    500 1348880834
    100 1348880854
    300 1348880874
    200 1348880896
    300 1348887892
     36 1348887914
    200 1348887928
    300 1348887945
    200 1348887955
    200 1348887975
    200 1348887994
    100 1348888013
    200 1348888023
    100 1348888039
    100 1348888048
    100 1348888062
      3 1348888091
      7 1348888106
    100 1348888121
     48 1348888143
     24 1348888178
    100 1348888196
    100 1348888215
    100 1348888235
    200 1348888249
    100 1348888266
    200 1348888279
    100 1348888296
    100 1348888311
    100 1348888327
    100 1348888337
    100 1348888351
    100 1348888380
    100 1348888390
    200 1348888407
     18 1348888423
    300 1348888804
    200 1348888819
    300 1348893628
    200 1348893633
    200 1348893638
    200 1348893642
    300 1348893646
    200 1348893650
    400 1348893654
    100 1348893658
    300 1348893662
    200 1348893667
    300 1348893672
    200 1348893677
    200 1348893683
    300 1348893688
    300 1348893693
    200 1348893698
    200 1348893703
    400 1348893708
    200 1348893737
    100 1348893740
    100 1348893743
    100 1348893746
    100 1348893749
    100 1348893752
    100 1348893755
    112 1348893761
    200 1348893770
    100 1348893773
    100 1348893777
    100 1348893781
    100 1348893785
    200 1348893789
    100 1348893792
    100 1348893796
    100 1348893800
    200 1348893802
    200 1348893806
    200 1348893818
    100 1348893822
    100 1348893827
    100 1348893831
    100 1348893833
    100 1348893836
    200 1348893839
     47 1348893841
    100 1348893843
    100 1348893845
    100 1348893914
    100 1348893916
    100 1348893918
    100 1348893920
    300 1348893922
    300 1348893924
    300 1348893926
    300 1348893928
    300 1348893930
    300 1348893932
    300 1348893935
    300 1348893938
    200 1348893941
    400 1348893947
    200 1348893950
    200 1348893956
    200 1348893959
    200 1348893962
    200 1348893965
    200 1348893968
     26 1348893971
    200 1348893980
    300 1348893982
    100 1348893985
    200 1348893989
    200 1348893992
    100 1348894000
    200 1348894053
    200 1348894056
    300 1348894059
     92 1348901882
     12 1351237328
    100 1351566728
      6 1353978776
    100 1354277675
    100 1354277691
    100 1354277734
    100 1354277820
    100 1354277888
    100 1354277911
    100 1354278447
    100 1354324205
    100 1354324209
    100 1356047638
      9 1359563741
     62 1359571696
    100 1359571724
    100 1359571838
    100 1359571853
    300 1362470037
     26 1363841347
     33 1363841352
    100 1364030518
      7 1368874152
      2 1369052517
      1 1371275747
      8 1371275749
      1 1371625915
    100 1375665673
    100 1375852542
    100 1382645777
    100 1382645784
    100 1382645793
    200 1383799630
     11 1389399383
    100 1390564150
      1 1390933283
     37 1391521864
     27 1394064872
    200 1399583633
    200 1399584173
    200 1399584235
    200 1399606265
    200 1399606464
     18 1400967067
     96 1405180047
    100 1409559326
      1 1411604955
      7 1412944896
     68 1417407378
     60 1417407384
    100 1430288045
     33 5000002
    100 5000006
     77 5000009
    100 5000010
      9 5000011
    100 5000013
    300 5000014
      2 5000015
     27 5000016
    100 5000017
    100 5000018
    100 5000019
    100 5000020
    100 5000021
    200 5000023
    200 5000024
     60 5000025
    200 5000026
    200 5000027
    200 5000028
    200 5000029
    200 5000030
    200 5000031
    200 5000032
      4 5000033
    146 5000034
     27 5000035
    100 5000036
      8 5000037
     23 5000038
    100 5000039
    100 5000040
    100 5000041
    200 5000095
     90 5000096
    100 5000101
    100 5000102
    100 5000103
    100 5000104
    100 5000105
    100 5000106
    100 5000107
    100 5000109
    100 5000110
    100 5000111
    100 5000112
    100 5000113
    200 5000114
    200 5000115
     74 5000116
    200 5000119
    200 5000120
    300 5000121
    100 5000122
    100 5000123
     60 5000124
     24 5000125
    100 5000126
      7 5000127
    100 5000128
    100 5000129
    100 5000130
    100 5000131
    100 5000132
    100 5000133
    100 5000134
    100 5000135
    100 5000136
    100 5000137
    100 5000138
    100 5000139
    100 5000140
    100 5000141
    100 5000142
    100 5000143
    100 5000144
    100 5000145
    100 5000146
    100 5000147
    100 5000148
    100 5000149
    100 5000150
    100 5000151
    100 5000152
    100 5000153
    100 5000154
    100 5000155
    100 5000156
    100 5000157
    100 5000158
    100 5000159
    100 5000160
    100 5000162
    100 5000163
    100 5000164
    100 5000165
    100 5000166
    100 5000167
    100 5000168
    100 5000169
    100 5000170
    100 5000171
    100 5000172
    100 5000173
    100 5000174
    100 5000175
    100 5000176
    100 5000177
    100 5000178
    100 5000179
    100 5000180
    100 5000182
    100 5000183
    100 5000184
    100 5000185
    100 5000186
    100 5000187
    100 5000188
    100 5000189
    100 5000190
    100 5000192
    100 5000193
    100 5000194
    100 5000195
    100 5000196
    100 5000197
    100 5000198
    100 5000199
    100 5000200
    100 5000201
     93 5000202
    100 5000203
     50 5000205
    100 5000206
    100 5000207
    100 5000208
    100 5000209
    100 5000210
    100 5000211
    100 5000212
    100 5000213
    100 5000214
    100 5000215
    100 5000216
      1 5000217
    100 5000218
    100 5000219
    100 5000220
     72 5000222
    100 5000223
    100 5000224
    100 5000225
     37 5000226
    100 5000227
     14 5000228
    100 5000229
    100 5000230
    100 5000231
    100 5000232
    100 5000233
     54 5000234
    100 5000235
    100 5000236
    100 5000237
    100 5000238
    100 5000239
    100 5000240
     88 5000241
    100 5000242
    100 5000245
    100 5000246
    100 5000247
    100 5000248
     57 5000250
    100 5000252
    100 5000255
    300 5000256
     60 5000257
      6 5000260
    130 5000261
     24 5000262
      2 5000263
    200 5000264
    200 5000265
     32 5000266
     82 5000268
    118 5000269
     12 5000270
     12 5000272
    200 5000273
    168 5000274
    200 5000275
    300 5000276
    100 5000278
    100 5000279
    100 5000280
    100 5000281
    100 5000282
    200 5000283
    100 5000284
    100 5000285
    100 5000286
     83 5000287
    200 5000288
    200 5000290
    200 5000291
    200 5000292
    200 5000293
    200 5000294
    200 5000295
    200 5000296
    200 5000297
    100 5000298
    200 5000299
    100 5000300
    100 5000301
    100 5000303
    100 5000304
    100 5000305
    100 5000306
    100 5000307
    100 5000308
    100 5000309
    100 5000310
    100 5000311
    100 5000312
    100 5000313
    100 5000314
    100 5000315
     71 5000316
     78 5000317
    100 5000318
    100 5000319
    100 5000320
    332 5000322
    100 5000323
      7 5000324
     67 5000325
     12 5000328
    100 5000329
     26 5000330
    100 5000331
     17 5000332
    100 5000333
    100 5000334
    100 5000335
    100 5000337
    100 5000338
    100 5000339
    100 5000340
    100 5000341
    100 5000342
     68 5000343
     14 5000344
    100 5000345
      4 5000346
    100 5000348
    100 5000349
     81 5000350
    100 5000351
    100 5000352
    100 5000355
     82 5000356
    100 5000357
     25 5000359
     32 5000361
    100 5000363
    100 5000364
    100 5000365
    100 5000367
    100 5000368
    100 5000369
    100 5000370
     83 5000371
    100 5000372
    100 5000373
    100 5000374
     23 5000376
     68 5000378
    100 5000379
     36 5000380
     68 5000381
    100 5000387
    100 5000389
    100 5000390
    100 5000393
    100 5000395
    100 5000396
    100 5000397
    100 5000398
    100 5000399
    100 5000400
    100 5000401
    100 5000402
    100 5000403
    100 5000405
    100 5000406
      5 5000407
     94 5000411
     91 5000412
      1 5000413
    100 5000414
    100 5000415
    100 5000416
    100 5000417
    100 5000418
    100 5000419
    100 5000420
    100 5000421
    100 5000422
    100 5000423
    100 5000424
    100 5000425
    100 5000426
     97 5000427
    100 5000428
    100 5000429
    100 5000430
    100 5000431
    100 5000432
    100 5000433
    100 5000434
    100 5000439
    100 5000440
     68 5000441
    100 5000442
    100 5000443
    100 5000444
    100 5000445
    100 5000446
    100 5000448
    100 5000449
    100 5000450
    100 5000451
    100 5000452
    100 5000453
    100 5000454
    100 5000456
    100 5000457
      5 5000458
    100 5000459
    100 5000460
    100 5000461
    100 5000464
    100 5000465
    100 5000466
    100 5000467
    100 5000468
    100 5000469
    100 5000470
    100 5000472
    100 5000473
    100 5000474
    100 5000475
    100 5000476
    100 5000477
    100 5000478
    100 5000479
    100 5000481
    100 5000482
    100 5000483
    100 5000484
    100 5000485
    100 5000486
    100 5000487
    100 5000488
      1 5000489
    100 5000490
     59 5000491
    100 5000492
    100 5000493
    100 5000494
    100 5000495
    100 5000496
    100 5000497
    100 5000498
    100 5000499
    100 5000500
    100 5000501
    100 5000502
    100 5000503
    100 5000504
    100 5000505
    100 5000509
    100 5000510
    100 5000515
     90 5000516
    200 5000518
    300 5000519
    300 5000523
    300 5000527
    300 5000529
    300 5000532
    200 5000535
    300 5000536
    300 5000541
    300 5000543
    300 5000547
    300 5000553
    100 5000610
    100 5000614
    100 5000616
    100 5000642
    200 5000643
    200 5000645
    100 5000647
    100 5000649
    100 5000654
    100 5000655
    100 5000656
    100 5000657
    100 5000658
    100 5000659
    100 5000660
    100 5000661
      6 5000662
     18 5000674
    200 5000749
    100 5000756
    100 5000757
    100 5000758
    100 5000759
    100 5000760
    100 5000761
    100 5000762
    200 5000763
    100 5000764
    100 5000765
    100 5000766
    100 5000767
    100 5000768
    100 5000771
    100 5000772
    100 5000773
    100 5000774
    100 5000775
    100 5000777
    300 5000797
    200 5000798
    100 5000800
    100 5000801
     94 5000802
    100 5000803
     33 5000804
    100 5000805
    100 5000806
    100 5000807
    100 5000809
    100 5000810
    100 5000811
    100 5000812
    100 5000813
    100 5000814
     82 5000815
    100 5000816
    100 5000817
    100 5000818
     33 5000819
    100 5000820
    200 5000844
    100 5000845
    100 5000846
    100 5000847
    100 5000855
    100 5000857
    100 5000858
    100 5000859
    100 5000860
    100 5000861
     31 5000870
